1	77.16041848299913
2	75.23639095086602
3	79.08171758252152
4	76.54090165424468
5	77.77254901960784
6	76.87393718549367
7	77.20623664270448
8	77.45690798196765
9	76.87048599392507
10	78.87404333794375
11	77.97106930131417
12	77.4859109683341
13	77.39440792519211
14	76.39746813491719
15	75.76535866477273
16	77.46182976159739
17	76.20341130604288
18	75.61966051109867
19	77.56581923459694
20	77.89479628181739
21	76.28427437338328
22	77.3974358974359
23	75.70882740447958
24	78.69822037107157
25	79.84479818078454
26	76.45852348993289
27	78.82152394516646
28	75.79423076923077
29	76.95157973452982
30	78.12640594365907
31	76.92813980075127
